2020-03-07
0
0
0
0
0
0
0
0
0
0
0
0
0
0
0
0
0
0
0
0
0
0
0
0
0
0
0
0
0
0
0
0
0
0
0
0
0
0
0
0
0
0
0
0
0
0
0
1
0
1
1
0
1
1
0
1
1
0
1
1
0
1
1
0
1
1
0
1
0
0
0
3
0
3
2
0
2
0
0
0
1
0
1
1
0
1
0
0
0
0
0
0
1
0
1
2
0
2
0
0
0
3
0
3
4
0
4
0
0
0
0
0
0
0
0
0
0
0
0
1
0
1
1
0
1
0
0
0
1
0
1
0
0
0
1
0
1
0
0
0
0
0
0
2
0
2
1
0
1
1
0
1
1
0
1
0
0
0
1
0
1
1
0
1
0
0
0
1
1
2
2
0
2
3
0
3
2
0
2
2
0
2
2
0
2
3
0
3
4
0
4
1
0
1
2
0
2
5
3
8
6
0
6
5
1
6
6
0
6
5
1
6
5
0
5
9
0
9
8
2
10
8
2
10
9
0
9
9
0
9
10
2
12
7
1
8
8
0
8
3
0
3
3
1
4
13
1
14
5
0
5
5
1
6
6
0
6
4
2
6
9
3
12
9
1
10
18
2
20
18
0
18
6
2
8
9
2
11
11
0
11
12
3
15
28
1
29
15
2
17
14
0
14
17
0
17
8
1
9
16
2
18
24
2
26
22
4
26
17
3
20
14
0
14
23
0
23
5
0
5
11
0
11
10
1
11
27
1
28
28
5
33
11
0
11
10
2
12
23
5
28
26
2
28
26
1
27
38
3
41
32
2
34
21
1
22
31
2
33
12
3
15
30
1
31
26
2
28
29
1
30
36
5
41
27
9
36
22
1
23
12
3
15
10
0
10
26
1
27
41
5
46
16
2
18
41
1
42
22
4
26
29
2
31
29
4
33
27
4
31
46
6
52
23
5
28
23
2
25
21
4
25
19
2
21
33
0
33
21
2
23
26
0
26
31
2
33
43
3
46
30
1
31
25
5
30
18
1
19
29
2
31
47
6
53
54
1
55
33
2
35
26
4
30
21
2
23
18
0
18
62
4
66
52
3
55
48
3
51
41
11
52
42
0
42
13
2
15
17
0
17
40
2
42
26
2
28
51
4
55
24
2
26
14
1
15
11
0
10
18
1
19
46
6
52
46
6
52
33
3
36
31
1
32
37
3
40
15
4
19
9
1
10
10
0
10
37
6
43
49
1
50
29
1
30
22
2
24
